[backgroun.jpg]
filters=radblur=1,0.000000,1.032727,-1.000000,-1.000000;Orton=1,49.122807,0.000000,39.181286;
moddate=1d8e6685bed3cf01
width=3000
height=768
textactive=0
